  1,   1,  12,  49
  2,  12, 141,  49
  3,  12,  13, 141
  4,  13, 142, 141
  5,  13,  14, 142
  6,  14, 143, 142
  7,  14,  15, 143
  8,  15, 144, 143
  9,  15,  16, 144
 10,  16, 145, 144
 11,  16,  17, 145
 12,  17, 146, 145
 13,  17,  18, 146
 14,  18, 147, 146
 15,  18,   2,  19
 16,  19, 147,  18
 17,  49, 141,  48
 18, 141, 148,  48
 19, 141, 142, 148
 20, 142, 149, 148
 21, 142, 143, 149
 22, 143, 150, 149
 23, 143, 144, 150
 24, 144, 151, 150
 25, 144, 145, 151
 26, 145, 152, 151
 27, 145, 146, 153
 28, 153, 152, 145
 29, 146, 147, 154
 30, 154, 153, 146
 31, 147,  19,  20
 32,  20, 154, 147
 33,  48, 148,  47
 34, 148, 155,  47
 35, 148, 149, 155
 36, 149, 156, 155
 37, 149, 150, 156
 38, 150, 157, 156
 39, 150, 151, 157
 40, 151, 158, 157
 41, 151, 152, 159
 42, 159, 158, 151
 43, 152, 153, 160
 44, 160, 159, 152
 45, 153, 154, 161
 46, 161, 160, 153
 47, 154,  20,  21
 48,  21, 161, 154
 49,  47, 155,  46
 50, 155, 162,  46
 51, 155, 156, 162
 52, 156, 163, 162
 53, 156, 157, 163
 54, 157, 164, 163
 55, 157, 158, 165
 56, 165, 164, 157
 57, 158, 159, 166
 58, 166, 165, 158
 59, 159, 160, 167
 60, 167, 166, 159
 61, 160, 161, 168
 62, 168, 167, 160
 63, 161,  21,  22
 64,  22, 168, 161
 65,  46, 162,  45
 66, 162, 169,  45
 67, 162, 163, 169
 68, 163, 170, 169
 69, 163, 164, 171
 70, 171, 170, 163
 71, 164, 165, 172
 72, 172, 171, 164
 73, 165, 166, 173
 74, 173, 172, 165
 75, 166, 167, 174
 76, 174, 173, 166
 77, 167, 168, 175
 78, 175, 174, 167
 79, 168,  22,  23
 80,  23, 175, 168
 81,  45, 169,  44
 82, 169, 176,  44
 83, 169, 170, 177
 84, 177, 176, 169
 85, 170, 171, 178
 86, 178, 177, 170
 87, 171, 172, 179
 88, 179, 178, 171
 89, 172, 173, 180
 90, 180, 179, 172
 91, 173, 174, 181
 92, 181, 180, 173
 93, 174, 175, 182
 94, 182, 181, 174
 95, 175,  23,  24
 96,  24, 182, 175
 97,  44, 176, 183
 98, 183,  43,  44
 99, 176, 177, 184
100, 184, 183, 176
101, 177, 178, 185
102, 185, 184, 177
103, 178, 179, 186
104, 186, 185, 178
105, 179, 180, 187
106, 187, 186, 179
107, 180, 181, 188
108, 188, 187, 180
109, 181, 182, 189
110, 189, 188, 181
111, 182,  24,  25
112,  25, 189, 182
113,  43, 183, 190
114, 190,  42,  43
115, 183, 184, 191
116, 191, 190, 183
117, 184, 185, 192
118, 192, 191, 184
119, 185, 186, 193
120, 193, 192, 185
121, 186, 187, 194
122, 194, 193, 186
123, 187, 188, 195
124, 195, 194, 187
125, 188, 189, 196
126, 196, 195, 188
127, 189,  25,  26
128,  26, 196, 189
129,  42, 190, 197
130, 197,  41,  42
131, 190, 191, 198
132, 198, 197, 190
133, 191, 192, 199
134, 199, 198, 191
135, 192, 193, 200
136, 200, 199, 192
137, 193, 194, 201
138, 201, 200, 193
139, 194, 195, 202
140, 202, 201, 194
141, 195, 196, 203
142, 203, 202, 195
143, 196,  26,  27
144,  27, 203, 196
145,  41, 197, 204
146, 204,  40,  41
147, 197, 198, 205
148, 205, 204, 197
149, 198, 199, 206
150, 206, 205, 198
151, 199, 200, 207
152, 207, 206, 199
153, 200, 201, 208
154, 208, 207, 200
155, 201, 202, 209
156, 209, 208, 201
157, 202, 203, 210
158, 210, 209, 202
159, 203,  27,  28
160,  28, 210, 203
161,  40, 204, 211
162, 211,  39,  40
163, 204, 205, 212
164, 212, 211, 204
165, 205, 206, 213
166, 213, 212, 205
167, 206, 207, 214
168, 214, 213, 206
169, 207, 208, 215
170, 215, 214, 207
171, 208, 209, 216
172, 216, 215, 208
173, 209, 210, 217
174, 217, 216, 209
175, 210,  28,  29
176,  29, 217, 210
177,  39, 211,  38
178, 211, 218,  38
179, 211, 212, 218
180, 212, 219, 218
181, 212, 213, 219
182, 213, 220, 219
183, 213, 214, 221
184, 221, 220, 213
185, 214, 215, 222
186, 222, 221, 214
187, 215, 216, 223
188, 223, 222, 215
189, 216, 217, 224
190, 224, 223, 216
191, 217,  29,  30
192,  30, 224, 217
193,  38, 218,   4
194, 218,  37,   4
195, 218, 219,  37
196, 219,  36,  37
197, 219, 220,  36
198, 220,  35,  36
199, 220, 221,  35
200, 221,  34,  35
201, 221, 222,  33
202,  33,  34, 221
203, 222, 223,  32
204,  32,  33, 222
205, 223, 224,  31
206,  31,  32, 223
207, 224,  30,   3
208,   3,  31, 224
209,   3,  50,  31
210,  50, 225,  31
211,  50,  51, 225
212,  51, 226, 225
213,  51,  52, 226
214,  52, 227, 226
215,  52,  53, 227
216,  53, 228, 227
217,  53,  54, 228
218,  54, 229, 228
219,  54,  55, 229
220,  55, 230, 229
221,  55,  56, 230
222,  56, 231, 230
223,  56,   5,  57
224,  57, 231,  56
225,  31, 225,  32
226, 225, 232,  32
227, 225, 226, 232
228, 226, 233, 232
229, 226, 227, 233
230, 227, 234, 233
231, 227, 228, 234
232, 228, 235, 234
233, 228, 229, 235
234, 229, 236, 235
235, 229, 230, 237
236, 237, 236, 229
237, 230, 231, 238
238, 238, 237, 230
239, 231,  57,  58
240,  58, 238, 231
241,  32, 232,  33
242, 232, 239,  33
243, 232, 233, 240
244, 240, 239, 232
245, 233, 234, 241
246, 241, 240, 233
247, 234, 235, 242
248, 242, 241, 234
249, 235, 236, 243
250, 243, 242, 235
251, 236, 237, 244
252, 244, 243, 236
253, 237, 238, 245
254, 245, 244, 237
255, 238,  58,  59
256,  59, 245, 238
257,  33, 239, 246
258, 246,  34,  33
259, 239, 240, 247
260, 247, 246, 239
261, 240, 241, 248
262, 248, 247, 240
263, 241, 242, 249
264, 249, 248, 241
265, 242, 243, 250
266, 250, 249, 242
267, 243, 244, 251
268, 251, 250, 243
269, 244, 245, 252
270, 252, 251, 244
271, 245,  59,  60
272,  60, 252, 245
273,  34, 246, 253
274, 253,  35,  34
275, 246, 247, 254
276, 254, 253, 246
277, 247, 248, 255
278, 255, 254, 247
279, 248, 249, 256
280, 256, 255, 248
281, 249, 250, 257
282, 257, 256, 249
283, 250, 251, 258
284, 258, 257, 250
285, 251, 252, 259
286, 259, 258, 251
287, 252,  60,  61
288,  61, 259, 252
289,  35, 253, 260
290, 260,  36,  35
291, 253, 254, 261
292, 261, 260, 253
293, 254, 255, 262
294, 262, 261, 254
295, 255, 256, 263
296, 263, 262, 255
297, 256, 257, 264
298, 264, 263, 256
299, 257, 258, 265
300, 265, 264, 257
301, 258, 259, 266
302, 266, 265, 258
303, 259,  61,  62
304,  62, 266, 259
305,  36, 260, 267
306, 267,  37,  36
307, 260, 261, 268
308, 268, 267, 260
309, 261, 262, 269
310, 269, 268, 261
311, 262, 263, 270
312, 270, 269, 262
313, 263, 264, 271
314, 271, 270, 263
315, 264, 265, 272
316, 272, 271, 264
317, 265, 266, 273
318, 273, 272, 265
319, 266,  62,  63
320,  63, 273, 266
321,  37, 267,  70
322,  70,   4,  37
323, 267, 268,  69
324,  69,  70, 267
325, 268, 269,  68
326,  68,  69, 268
327, 269, 270,  67
328,  67,  68, 269
329, 270, 271,  66
330,  66,  67, 270
331, 271, 272,  65
332,  65,  66, 271
333, 272, 273,  64
334,  64,  65, 272
335, 273,  63,   6
336,   6,  64, 273
337,   6,  71,  64
338,  71, 274,  64
339,  71,  72, 274
340,  72, 275, 274
341,  72,  73, 275
342,  73, 276, 275
343,  73,  74, 276
344,  74, 277, 276
345,  74,  75, 277
346,  75, 278, 277
347,  75,  76, 278
348,  76, 279, 278
349,  76,   7, 279
350,   7,  77, 279
351,  64, 274,  65
352, 274, 280,  65
353, 274, 275, 280
354, 275, 281, 280
355, 275, 276, 281
356, 276, 282, 281
357, 276, 277, 282
358, 277, 283, 282
359, 277, 278, 283
360, 278, 284, 283
361, 278, 279, 284
362, 279, 285, 284
363, 279,  77, 285
364,  77,  78, 285
365,  65, 280,  66
366, 280, 286,  66
367, 280, 281, 286
368, 281, 287, 286
369, 281, 282, 287
370, 282, 288, 287
371, 282, 283, 288
372, 283, 289, 288
373, 283, 284, 289
374, 284, 290, 289
375, 284, 285, 290
376, 285, 291, 290
377, 285,  78, 291
378,  78,  79, 291
379,  66, 286,  67
380, 286, 292,  67
381, 286, 287, 292
382, 287, 293, 292
383, 287, 288, 293
384, 288, 294, 293
385, 288, 289, 294
386, 289, 295, 294
387, 289, 290, 295
388, 290, 296, 295
389, 290, 291, 296
390, 291, 297, 296
391, 291,  79, 297
392,  79,  80, 297
393,  67, 292,  68
394, 292, 298,  68
395, 292, 293, 298
396, 293, 299, 298
397, 293, 294, 299
398, 294, 300, 299
399, 294, 295, 300
400, 295, 301, 300
401, 295, 296, 301
402, 296, 302, 301
403, 296, 297, 302
404, 297, 303, 302
405, 297,  80, 303
406,  80,  81, 303
407,  68, 298,  69
408, 298, 304,  69
409, 298, 299, 304
410, 299, 305, 304
411, 299, 300, 305
412, 300, 306, 305
413, 300, 301, 306
414, 301, 307, 306
415, 301, 302, 307
416, 302, 308, 307
417, 302, 303, 308
418, 303, 309, 308
419, 303,  81, 309
420,  81,  82, 309
421,  69, 304,  70
422, 304, 310,  70
423, 304, 305, 310
424, 305, 311, 310
425, 305, 306, 311
426, 306, 312, 311
427, 306, 307, 312
428, 307, 313, 312
429, 307, 308, 313
430, 308, 314, 313
431, 308, 309, 314
432, 309, 315, 314
433, 309,  82, 315
434,  82,  83, 315
435,  70, 310,   4
436, 310,  89,   4
437, 310, 311,  89
438, 311,  88,  89
439, 311, 312,  88
440, 312,  87,  88
441, 312, 313,  87
442, 313,  86,  87
443, 313, 314,  86
444, 314,  85,  86
445, 314, 315,  85
446, 315,  84,  85
447, 315,  83,  84
448,  83,   8,  84
449,   8,  90, 316
450, 316,  84,   8
451,  90,  91, 317
452, 317, 316,  90
453,  91,  92, 318
454, 318, 317,  91
455,  92,  93, 319
456, 319, 318,  92
457,  93,  94, 320
458, 320, 319,  93
459,  94,  95, 321
460, 321, 320,  94
461,  95,  96, 322
462, 322, 321,  95
463,  96,  97, 323
464, 323, 322,  96
465,  97,  98, 324
466, 324, 323,  97
467,  98,  99, 325
468, 325, 324,  98
469,  99, 100, 326
470, 326, 325,  99
471, 100,   9, 101
472, 101, 326, 100
473,  84, 316, 327
474, 327,  85,  84
475, 316, 317, 328
476, 328, 327, 316
477, 317, 318, 329
478, 329, 328, 317
479, 318, 319, 330
480, 330, 329, 318
481, 319, 320, 331
482, 331, 330, 319
483, 320, 321, 332
484, 332, 331, 320
485, 321, 322, 333
486, 333, 332, 321
487, 322, 323, 334
488, 334, 333, 322
489, 323, 324, 335
490, 335, 334, 323
491, 324, 325, 336
492, 336, 335, 324
493, 325, 326, 337
494, 337, 336, 325
495, 326, 101, 102
496, 102, 337, 326
497,  85, 327, 338
498, 338,  86,  85
499, 327, 328, 339
500, 339, 338, 327
501, 328, 329, 340
502, 340, 339, 328
503, 329, 330, 341
504, 341, 340, 329
505, 330, 331, 342
506, 342, 341, 330
507, 331, 332, 343
508, 343, 342, 331
509, 332, 333, 344
510, 344, 343, 332
511, 333, 334, 345
512, 345, 344, 333
513, 334, 335, 346
514, 346, 345, 334
515, 335, 336, 347
516, 347, 346, 335
517, 336, 337, 348
518, 348, 347, 336
519, 337, 102, 103
520, 103, 348, 337
521,  86, 338, 349
522, 349,  87,  86
523, 338, 339, 350
524, 350, 349, 338
525, 339, 340, 351
526, 351, 350, 339
527, 340, 341, 352
528, 352, 351, 340
529, 341, 342, 353
530, 353, 352, 341
531, 342, 343, 354
532, 354, 353, 342
533, 343, 344, 355
534, 355, 354, 343
535, 344, 345, 356
536, 356, 355, 344
537, 345, 346, 357
538, 357, 356, 345
539, 346, 347, 358
540, 358, 357, 346
541, 347, 348, 359
542, 359, 358, 347
543, 348, 103, 104
544, 104, 359, 348
545,  87, 349, 360
546, 360,  88,  87
547, 349, 350, 361
548, 361, 360, 349
549, 350, 351, 362
550, 362, 361, 350
551, 351, 352, 363
552, 363, 362, 351
553, 352, 353, 364
554, 364, 363, 352
555, 353, 354, 365
556, 365, 364, 353
557, 354, 355, 366
558, 366, 365, 354
559, 355, 356, 367
560, 367, 366, 355
561, 356, 357, 368
562, 368, 367, 356
563, 357, 358, 369
564, 369, 368, 357
565, 358, 359, 370
566, 370, 369, 358
567, 359, 104, 105
568, 105, 370, 359
569,  88, 360, 371
570, 371,  89,  88
571, 360, 361, 372
572, 372, 371, 360
573, 361, 362, 373
574, 373, 372, 361
575, 362, 363, 374
576, 374, 373, 362
577, 363, 364, 375
578, 375, 374, 363
579, 364, 365, 376
580, 376, 375, 364
581, 365, 366, 377
582, 377, 376, 365
583, 366, 367, 378
584, 378, 377, 366
585, 367, 368, 379
586, 379, 378, 367
587, 368, 369, 380
588, 380, 379, 368
589, 369, 370, 381
590, 381, 380, 369
591, 370, 105, 106
592, 106, 381, 370
593,  89, 371, 117
594, 117,   4,  89
595, 371, 372, 116
596, 116, 117, 371
597, 372, 373, 115
598, 115, 116, 372
599, 373, 374, 114
600, 114, 115, 373
601, 374, 375, 113
602, 113, 114, 374
603, 375, 376, 112
604, 112, 113, 375
605, 376, 377, 111
606, 111, 112, 376
607, 377, 378, 110
608, 110, 111, 377
609, 378, 379, 109
610, 109, 110, 378
611, 379, 380, 108
612, 108, 109, 379
613, 380, 381, 107
614, 107, 108, 380
615, 381, 106,  10
616,  10, 107, 381
617,  10, 118, 107
618, 118, 382, 107
619, 118, 119, 383
620, 383, 382, 118
621, 119, 120, 384
622, 384, 383, 119
623, 120, 121, 385
624, 385, 384, 120
625, 121, 122, 386
626, 386, 385, 121
627, 122, 123, 387
628, 387, 386, 122
629, 123, 124, 388
630, 388, 387, 123
631, 124, 125, 389
632, 389, 388, 124
633, 125, 126, 390
634, 390, 389, 125
635, 126, 127, 391
636, 391, 390, 126
637, 127, 128, 392
638, 392, 391, 127
639, 128, 129, 393
640, 393, 392, 128
641, 129,  11, 130
642, 130, 393, 129
643, 107, 382, 108
644, 382, 394, 108
645, 382, 383, 394
646, 383, 395, 394
647, 383, 384, 396
648, 396, 395, 383
649, 384, 385, 397
650, 397, 396, 384
651, 385, 386, 398
652, 398, 397, 385
653, 386, 387, 399
654, 399, 398, 386
655, 387, 388, 400
656, 400, 399, 387
657, 388, 389, 401
658, 401, 400, 388
659, 389, 390, 402
660, 402, 401, 389
661, 390, 391, 403
662, 403, 402, 390
663, 391, 392, 404
664, 404, 403, 391
665, 392, 393, 405
666, 405, 404, 392
667, 393, 130, 131
668, 131, 405, 393
669, 108, 394, 109
670, 394, 406, 109
671, 394, 395, 406
672, 395, 407, 406
673, 395, 396, 408
674, 408, 407, 395
675, 396, 397, 409
676, 409, 408, 396
677, 397, 398, 410
678, 410, 409, 397
679, 398, 399, 411
680, 411, 410, 398
681, 399, 400, 412
682, 412, 411, 399
683, 400, 401, 413
684, 413, 412, 400
685, 401, 402, 414
686, 414, 413, 401
687, 402, 403, 415
688, 415, 414, 402
689, 403, 404, 416
690, 416, 415, 403
691, 404, 405, 417
692, 417, 416, 404
693, 405, 131, 132
694, 132, 417, 405
695, 109, 406, 110
696, 406, 418, 110
697, 406, 407, 418
698, 407, 419, 418
699, 407, 408, 420
700, 420, 419, 407
701, 408, 409, 421
702, 421, 420, 408
703, 409, 410, 422
704, 422, 421, 409
705, 410, 411, 423
706, 423, 422, 410
707, 411, 412, 424
708, 424, 423, 411
709, 412, 413, 425
710, 425, 424, 412
711, 413, 414, 426
712, 426, 425, 413
713, 414, 415, 427
714, 427, 426, 414
715, 415, 416, 428
716, 428, 427, 415
717, 416, 417, 429
718, 429, 428, 416
719, 417, 132, 133
720, 133, 429, 417
721, 110, 418, 111
722, 418, 430, 111
723, 418, 419, 430
724, 419, 431, 430
725, 419, 420, 432
726, 432, 431, 419
727, 420, 421, 433
728, 433, 432, 420
729, 421, 422, 434
730, 434, 433, 421
731, 422, 423, 435
732, 435, 434, 422
733, 423, 424, 436
734, 436, 435, 423
735, 424, 425, 437
736, 437, 436, 424
737, 425, 426, 438
738, 438, 437, 425
739, 426, 427, 439
740, 439, 438, 426
741, 427, 428, 440
742, 440, 439, 427
743, 428, 429, 441
744, 441, 440, 428
745, 429, 133, 134
746, 134, 441, 429
747, 111, 430, 112
748, 430, 442, 112
749, 430, 431, 442
750, 431, 443, 442
751, 431, 432, 444
752, 444, 443, 431
753, 432, 433, 445
754, 445, 444, 432
755, 433, 434, 446
756, 446, 445, 433
757, 434, 435, 447
758, 447, 446, 434
759, 435, 436, 448
760, 448, 447, 435
761, 436, 437, 449
762, 449, 448, 436
763, 437, 438, 450
764, 450, 449, 437
765, 438, 439, 451
766, 451, 450, 438
767, 439, 440, 452
768, 452, 451, 439
769, 440, 441, 453
770, 453, 452, 440
771, 441, 134, 135
772, 135, 453, 441
773, 112, 442, 113
774, 442, 454, 113
775, 442, 443, 454
776, 443, 455, 454
777, 443, 444, 456
778, 456, 455, 443
779, 444, 445, 457
780, 457, 456, 444
781, 445, 446, 458
782, 458, 457, 445
783, 446, 447, 459
784, 459, 458, 446
785, 447, 448, 460
786, 460, 459, 447
787, 448, 449, 461
788, 461, 460, 448
789, 449, 450, 462
790, 462, 461, 449
791, 450, 451, 463
792, 463, 462, 450
793, 451, 452, 464
794, 464, 463, 451
795, 452, 453, 465
796, 465, 464, 452
797, 453, 135, 136
798, 136, 465, 453
799, 113, 454, 114
800, 454, 466, 114
801, 454, 455, 466
802, 455, 467, 466
803, 455, 456, 468
804, 468, 467, 455
805, 456, 457, 469
806, 469, 468, 456
807, 457, 458, 470
808, 470, 469, 457
809, 458, 459, 471
810, 471, 470, 458
811, 459, 460, 472
812, 472, 471, 459
813, 460, 461, 473
814, 473, 472, 460
815, 461, 462, 474
816, 474, 473, 461
817, 462, 463, 475
818, 475, 474, 462
819, 463, 464, 476
820, 476, 475, 463
821, 464, 465, 477
822, 477, 476, 464
823, 465, 136, 137
824, 137, 477, 465
825, 114, 466, 115
826, 466, 478, 115
827, 466, 467, 478
828, 467, 479, 478
829, 467, 468, 480
830, 480, 479, 467
831, 468, 469, 481
832, 481, 480, 468
833, 469, 470, 482
834, 482, 481, 469
835, 470, 471, 483
836, 483, 482, 470
837, 471, 472, 484
838, 484, 483, 471
839, 472, 473, 485
840, 485, 484, 472
841, 473, 474, 486
842, 486, 485, 473
843, 474, 475, 487
844, 487, 486, 474
845, 475, 476, 488
846, 488, 487, 475
847, 476, 477, 489
848, 489, 488, 476
849, 477, 137, 138
850, 138, 489, 477
851, 115, 478, 116
852, 478, 490, 116
853, 478, 479, 490
854, 479, 491, 490
855, 479, 480, 491
856, 480, 492, 491
857, 480, 481, 493
858, 493, 492, 480
859, 481, 482, 494
860, 494, 493, 481
861, 482, 483, 495
862, 495, 494, 482
863, 483, 484, 496
864, 496, 495, 483
865, 484, 485, 497
866, 497, 496, 484
867, 485, 486, 498
868, 498, 497, 485
869, 486, 487, 499
870, 499, 498, 486
871, 487, 488, 500
872, 500, 499, 487
873, 488, 489, 501
874, 501, 500, 488
875, 489, 138, 139
876, 139, 501, 489
877, 116, 490, 117
878, 490, 502, 117
879, 490, 491, 502
880, 491, 503, 502
881, 491, 492, 503
882, 492, 504, 503
883, 492, 493, 505
884, 505, 504, 492
885, 493, 494, 506
886, 506, 505, 493
887, 494, 495, 507
888, 507, 506, 494
889, 495, 496, 508
890, 508, 507, 495
891, 496, 497, 509
892, 509, 508, 496
893, 497, 498, 510
894, 510, 509, 497
895, 498, 499, 511
896, 511, 510, 498
897, 499, 500, 512
898, 512, 511, 499
899, 500, 501, 513
900, 513, 512, 500
901, 501, 139, 140
902, 140, 513, 501
903, 117, 502,   4
904, 502,  38,   4
905, 502, 503,  39
906,  39,  38, 502
907, 503, 504,  40
908,  40,  39, 503
909, 504, 505,  41
910,  41,  40, 504
911, 505, 506,  42
912,  42,  41, 505
913, 506, 507,  43
914,  43,  42, 506
915, 507, 508,  44
916,  44,  43, 507
917, 508, 509,  45
918,  45,  44, 508
919, 509, 510,  46
920,  46,  45, 509
921, 510, 511,  47
922,  47,  46, 510
923, 511, 512,  48
924,  48,  47, 511
925, 512, 513,  49
926,  49,  48, 512
927, 513, 140,   1
928,   1,  49, 513